#Nodes

[0,
 1,
 2,
 3,
 4,
 5,
 6,
 7,
 8,
 9,
 10,
 11,
 12,
 13,
 14,
 15,
 16,
 17,
 18,
 19,
 20,
 21,
 22,
 23,
 24,
 25,
 26,
 27,
 28,
 29,
 30,
 31,
 32,
 33,
 34,
 35,
 36,
 37,
 38,
 39,
 40,
 41,
 42,
 43,
 44,
 45,
 46,
 47,
 48,
 49,
 50,
 51,
 52,
 53,
 54,
 55,
 56,
 57,
 58,
 59,
 60,
 61,
 62,
 63,
 64,
 65,
 66,
 67,
 68,
 69,
 70,
 71,
 72,
 73,
 74,
 75,
 76,
 77,
 78,
 79,
 80,
 81,
 82,
 83,
 84,
 85,
 86,
 87,
 88,
 89,
 90,
 91,
 92,
 93,
 94,
 95,
 96,
 97,
 98,
 99,
 100,
 101,
 102,
 103,
 104,
 105,
 106,
 107,
 108,
 109,
 110,
 111,
 112,
 113,
 114,
 115,
 116,
 117,
 118,
 119,
 120,
 121,
 122,
 123,
 124,
 125,
 126,
 127,
 128,
 129,
 130,
 131,
 132,
 133,
 134,
 135,
 'concentrator',
 137,
 138,
 139,
 140,
 141,
 142,
 143,
 144,
 145,
 146,
 147,
 148,
 149,
 150,
 151,
 152,
 136]

#Edges

[(0, 'concentrator'),
 (1, 'concentrator'),
 (2, 'concentrator'),
 (3, 'concentrator'),
 (4, 'concentrator'),
 (5, 'concentrator'),
 (6, 'concentrator'),
 (7, 'concentrator'),
 (8, 'concentrator'),
 (9, 'concentrator'),
 (10, 'concentrator'),
 (11, 12),
 (12, 6),
 (13, 14),
 (14, 17),
 (15, 16),
 (16, 39),
 (17, 10),
 (18, 10),
 (19, 10),
 (20, 10),
 (21, 10),
 (22, 10),
 (23, 24),
 (24, 17),
 (25, 26),
 (26, 36),
 (27, 28),
 (28, 3),
 (29, 2),
 (30, 31),
 (31, 0),
 (32, 33),
 (33, 116),
 (34, 33),
 (35, 33),
 (36, 84),
 (37, 38),
 (38, 49),
 (39, 49),
 (40, 41),
 (41, 98),
 (42, 41),
 (43, 44),
 (44, 61),
 (45, 46),
 (46, 4),
 (47, 48),
 (48, 72),
 (49, 10),
 (50, 51),
 (51, 4),
 (52, 53),
 (53, 37),
 (54, 52),
 (55, 51),
 (56, 51),
 (57, 51),
 (58, 51),
 (59, 60),
 (60, 17),
 (61, 60),
 (62, 61),
 (63, 61),
 (64, 61),
 (65, 66),
 (66, 4),
 (67, 0),
 (68, 0),
 (69, 0),
 (70, 0),
 (71, 0),
 (72, 0),
 (73, 0),
 (74, 0),
 (75, 72),
 (76, 3),
 (77, 3),
 (78, 7),
 (79, 49),
 (80, 46),
 (81, 82),
 (82, 13),
 (83, 82),
 (84, 51),
 (85, 84),
 (86, 3),
 (87, 88),
 (88, 6),
 (89, 17),
 (90, 17),
 (91, 73),
 (92, 93),
 (93, 6),
 (94, 93),
 (95, 93),
 (96, 4),
 (97, 4),
 (98, 4),
 (99, 4),
 (100, 65),
 (101, 59),
 (102, 103),
 (103, 1),
 (104, 103),
 (105, 25),
 (106, 25),
 (107, 61),
 (108, 61),
 (109, 61),
 (110, 64),
 (111, 64),
 (112, 63),
 (113, 59),
 (114, 59),
 (115, 50),
 (116, 50),
 (117, 50),
 (118, 50),
 (119, 50),
 (120, 96),
 (121, 98),
 (122, 98),
 (123, 5),
 (124, 9),
 (125, 51),
 (126, 37),
 (127, 6),
 (128, 6),
 (129, 92),
 (130, 37),
 (131, 37),
 (132, 53),
 (133, 13),
 (134, 13),
 (135, 13),
 (137, 13),
 (138, 13),
 (139, 136),
 (140, 133),
 (141, 89),
 (142, 18),
 (143, 121),
 (144, 99),
 (145, 71),
 (146, 70),
 (147, 70),
 (148, 70),
 (149, 1),
 (150, 1),
 (151, 1),
 (152, 51),
 (136, 13)]
